   1.1143022e+04
   1.1744900e+04
   1.1715062e+04
   1.1327738e+04
   1.1715383e+04
   1.1653612e+04
   1.2231662e+04
   1.1692450e+04
   1.2049641e+04
   1.2034430e+04
   1.1829006e+04
   1.1613030e+04
   1.1547683e+04
   1.2249608e+04
   1.1903501e+04
   1.2206776e+04
   1.2022990e+04
   1.2011718e+04
   1.1504777e+04
   1.1692723e+04
   1.1590129e+04
   1.1891802e+04
   1.2425760e+04
   1.2286016e+04
   1.1181707e+04
   1.2522078e+04
   1.1656315e+04
   1.1341675e+04
   1.1905599e+04
   1.1347469e+04
