   1.1531570e+04
   1.1558947e+04
   1.1640604e+04
   1.2013094e+04
   1.1809687e+04
   1.1142830e+04
   1.1713112e+04
   1.1654603e+04
   1.1493689e+04
   1.1457786e+04
   1.1531672e+04
   1.1609424e+04
   1.1571492e+04
   1.1493043e+04
   1.1478124e+04
   1.1113111e+04
   1.1198787e+04
   1.1427201e+04
   1.1713511e+04
   1.1260225e+04
   1.1204127e+04
   1.1785477e+04
   1.1251841e+04
   1.1845379e+04
   1.1545543e+04
   1.1930076e+04
   1.1058537e+04
   1.1663733e+04
   1.1825814e+04
   1.1482208e+04
